3.16
3.14
3.11
3.09
3.09
3.1
3.12
3.14
3.15
3.15
3.13
3.11
2.75
2.94
3.02
2.61
3.22
2.95
2.95
3.03
2.95
2.69
3.27
3.03
2.77
2.81
2.98
2.9
3.01
2.67
3.0
3.09
2.85
3.37
3.36
3.35
2.61
3.1
2.61
2.61
3.1
3.69
2.77
2.94
3.25
3.39
2.79
2.64
3.2
3.54
2.72
2.61
2.94
3.87
2.64
3.88
2.88
3.25
3.59
3.28
2.91
3.49
3.37
3.17
2.82
2.97
3.0
2.83
2.61
3.86
3.11
3.54
3.3
3.06
3.31
2.61
3.87
3.87
3.87
3.29
2.61
3.86
3.61
3.86
2.79
3.12
2.61
3.41
3.86
2.62
3.86
3.86
2.61
2.67
2.62
2.61
2.62
2.62
3.69
3.35
2.61
3.63
3.77
2.87
2.61
2.61
2.62
3.86
2.61
3.86
3.63
2.61
3.13
3.23
3.86
2.61
2.61
3.38
2.62
2.61
3.4
3.06
3.35
3.39
3.87
2.67
2.89
3.86
3.29
3.86
2.61
2.61
2.62
3.47
2.62
3.04
3.16
2.62
3.03
2.69
2.61
2.61
2.62
2.81
2.62
2.62
2.96
2.69
2.94
2.62
3.63
2.61
2.61
2.61
2.61
2.61
2.61
2.93
2.94
2.96
3.54
3.18
3.02
2.8
3.61
2.9
2.82
3.86
2.62
2.89
2.94
3.15
3.08
2.99
3.2
3.28
3.38
3.02
3.67
2.62
3.03
3.03
2.83
3.16
3.47
2.83
3.01
2.91
3.12
3.05
3.07
3.15
2.67
2.96
2.95
3.37
3.01
2.71
2.9
2.91
2.95
2.97
2.94
3.5
2.61
2.83
3.13
3.29
2.62
2.62
2.83
2.98
3.44
2.67
2.83
2.91
2.94
2.98
3.01
2.88
3.06
2.97
2.84
2.85
2.85
3.04
3.03
3.4
2.97
2.68
2.92
2.75
2.91
2.69
2.78
2.99
3.3
2.69
2.76
3.09
3.04
2.61
2.62
3.57
2.96
3.18
2.94
2.87
3.09
2.67
2.61
2.71
3.29
2.81
3.03
3.03
2.72
2.61
3.42
2.61
3.49
3.12
2.94
3.07
3.34
2.62
3.0
2.99
2.86
3.86
3.34
3.65
3.06
3.33
2.61
3.67
3.06
3.86
2.61
3.87
2.61
2.61
3.24
2.61
3.72
3.64
3.38
3.87
3.86
3.13
2.62
3.17
3.86
2.99
2.61
3.87
2.61
3.86
3.87
2.61
3.86
2.6
3.87
3.87
3.87
3.86
2.61
2.61
3.87
2.6
3.87
3.86
2.61
3.87
2.61
2.61
3.51
2.59
3.87
3.23
2.61
2.62
3.81
2.95
2.61
3.86
2.74
3.39
3.86
2.98
3.2
3.21
2.61
3.86
2.6
3.55
3.29
2.89
2.61
2.6
2.61
2.95
3.07
3.32
3.15
3.01
2.61
3.86
2.73
3.15
3.05
2.91
3.86
3.0
3.05
2.61
2.88
2.61
2.79
3.86
2.83
3.87
2.77
2.91
2.61
2.61
2.61
2.61
2.61
2.62
2.68
3.07
2.94
2.77
3.29
3.08
2.61
2.62
2.87
3.55
2.61
3.53
3.03
2.63
2.95
2.98
3.24
3.86
2.61
3.1
2.92
3.12
3.21
2.61
3.13
2.98
3.2
2.93
3.24
2.97
2.99
3.31
2.86
2.98
2.9
3.08
3.08
3.86
2.62
2.61
2.87
2.89
2.96
2.99
3.07
2.99
3.24
2.92
2.88
3.24
2.67
2.83
3.02
2.76
3.04
3.15
2.77
2.92
3.36
2.83
3.14
2.87
2.71
3.01
3.14
2.99
2.89
3.13
2.73
2.87
3.03
3.03
3.05
2.74
3.07
3.22
2.91
3.22
2.86
2.87
2.93
2.97
2.81
3.02
3.14
3.03
3.11
3.15
2.88
2.79
3.04
3.82
2.95
2.81
2.84
2.79
2.96
3.06
3.01
2.91
2.98
3.02
2.96
3.13
3.08
3.25
2.75
3.04
2.87
3.02
3.1
2.83
2.96
2.86
2.97
3.0
3.12
3.41
2.67
2.68
3.14
2.97
2.93
2.88
3.0
2.9
3.08
2.87
2.88
2.97
3.12
2.71
2.99
3.24
3.44
2.86
2.99
2.94
2.68
2.91
2.99
2.98
3.04
2.89
3.07
3.0
2.7
3.31
2.98
2.94
2.91
3.04
2.95
2.92
3.1
3.1
3.0
3.04
3.02
2.81
2.79
2.92
2.94
3.1
3.16
2.9
3.24
2.77
2.91
3.08
2.96
2.9
3.06
3.04
3.05
2.86
3.39
2.82
3.1
2.68
2.93
3.04
2.89
2.75
2.89
3.11
3.19
2.85
2.96
3.84
2.61
2.7
2.8
3.08
2.91
2.98
3.04
2.97
3.03
2.69
3.0
2.73
2.88
3.04
2.83
3.4
2.61
2.96
2.96
2.65
2.79
2.76
3.27
2.61
3.07
3.32
3.12
3.03
2.78
3.43
2.61
3.5
3.0
2.63
3.4
3.28
2.61
3.66
3.34
3.49
2.87
2.77
3.7
3.69
2.78
2.61
3.87
3.83
2.82
2.61
3.83
3.33
3.77
2.89
3.52
3.87
2.61
3.21
3.65
3.53
3.08
3.12
2.61
3.06
3.86
3.02
3.47
2.61
2.61
3.49
2.61
3.87
3.25
2.61
3.87
3.58
2.95
3.87
3.06
2.61
2.59
3.86
2.67
3.86
2.8
2.61
2.61
3.87
3.86
2.61
2.61
3.48
3.59
3.86
2.61
2.92
2.6
3.87
3.86
3.86
3.1
2.61
2.61
3.25
2.61
2.61
3.57
3.86
3.87
3.87
3.87
3.86
2.6
2.62
3.87
2.61
2.61
3.35
2.61
3.86
3.86
3.27
3.87
2.61
2.61
2.61
2.6
3.51
3.21
3.87
2.94
3.87
2.61
2.62
3.66
2.58
3.18
2.86
2.61
2.61
2.61
3.61
2.6
3.87
2.59
3.87
2.61
2.6
3.86
2.62
3.35
3.31
2.61
3.87
2.61
3.87
3.0
3.19
2.61
3.87
3.2
3.86
3.44
3.31
3.33
2.59
3.86
3.7
3.43
2.59
3.87
3.68
3.41
3.55
2.99
3.58
2.6
3.38
3.17
2.91
3.31
3.01
2.81
2.61
2.61
2.99
3.86
2.76
2.61
2.61
2.61
3.57
2.61
2.62
2.8
2.61
2.74
2.61
2.61
3.87
2.62
2.61
3.05
2.61
2.61
2.61
2.75
2.61
2.61
3.19
2.83
3.05
3.64
2.61
3.05
2.61
3.25
2.61
3.01
2.97
3.6
3.02
2.85
2.61
2.98
3.27
2.62
3.04
2.82
3.64
3.44
2.77
2.91
2.66
3.02
3.19
3.21
3.17
3.24
2.68
3.16
3.38
2.77
2.66
2.92
3.25
2.91
3.15
2.68
2.67
3.15
2.87
2.8
2.94
3.14
2.75
3.1
2.8
3.24
2.84
3.04
2.89
3.19
2.61
3.03
2.93
2.88
3.21
2.81
3.18
2.9
3.03
2.77
3.1
2.92
2.99
3.13
3.01
2.93
3.62
2.61
2.71
2.81
2.68
2.86
2.95
3.09
3.26
3.32
2.75
2.75
3.04
3.14
2.92
2.93
2.92
3.42
2.94
2.93
3.11
3.15
2.79
2.97
3.0
3.12
2.88
2.81
3.21
2.61
3.14
3.23
2.72
2.77
3.15
3.03
2.66
3.34
2.81
2.71
2.97
2.89
2.97
3.21
2.92
3.33
3.49
2.67
3.3
2.61
2.81
3.01
3.04
3.04
3.07
2.98
3.05
3.2
2.91
2.93
2.93
3.02
3.32
2.61
3.08
3.01
2.88
2.76
2.94
3.0
2.93
3.08
3.48
2.61
3.02
2.83
3.13
3.2
2.93
2.92
2.93
2.89
3.01
2.93
2.97
3.05
2.96
2.86
3.26
3.1
3.52
2.61
2.84
3.06
2.61
2.97
2.97
2.95
2.94
2.94
3.02
2.95
2.95
3.07
3.22
3.08
3.26
2.61
2.8
2.91
2.9
3.07
2.94
2.95
2.95
2.87
3.04
3.2
3.05
3.13
2.61
2.92
2.89
3.06
3.1
2.87
3.02
2.96
2.67
3.28
2.61
2.61
3.13
2.77
3.19
3.24
2.75
3.12
3.65
2.61
2.9
3.13
3.16
2.61
3.57
3.68
3.08
2.97
3.26
3.03
2.61
2.78
3.19
2.63
2.61
3.58
2.61
3.57
3.26
2.97
2.61
3.23
3.68
2.61
3.63
3.87
3.46
3.39
3.18
2.61
2.79
3.86
2.97
3.46
2.61
3.73
2.95
3.86
2.61
3.54
2.6
3.7
2.61
3.1
3.18
3.31
2.61
3.4
2.61
2.6
3.06
3.86
3.51
3.86
3.8
2.6
3.45
2.61
2.6
3.87
3.7
2.61
2.61
3.87
2.61
3.49
2.61
3.86
2.62
2.78
3.18
3.08
3.74
3.86
2.61
3.25
2.61
3.87
3.22
2.58
3.87
2.87
2.61
2.61
2.71
3.86
3.43
3.06
3.28
2.61
3.56
3.44
2.61
3.87
3.06
3.37
2.61
2.61
3.55
3.77
2.61
2.94
2.6
3.27
3.41
3.56
3.87
3.74
3.34
3.13
3.86
2.61
3.66
2.61
3.24
3.44
3.86
3.3
2.71
3.86
3.53
2.6
3.78
2.61
2.61
2.61
3.28
2.9
2.61
2.61
3.86
3.57
3.53
3.25
2.61
2.61
3.86
3.47
2.73
2.61
2.61
2.61
3.86
2.61
3.63
2.61
2.72
3.86
3.86
2.61
3.67
2.61
3.71
2.61
3.81
3.16
2.61
2.6
3.86
2.66
3.07
3.54
3.48
3.71
2.85
2.73
2.86
3.69
3.19
2.61
2.6
3.44
2.61
3.2
3.38
3.17
3.01
2.9
2.61
2.61
2.61
2.61
3.36
3.45
3.18
3.03
2.61
2.92
2.61
2.68
2.77
2.61
2.64
2.61
2.85
2.85
2.93
2.87
3.48
2.93
2.85
3.28
2.61
2.87
3.09
3.51
2.61
3.44
3.03
2.97
3.0
3.63
2.63
3.07
3.21
2.96
3.26
2.83
2.91
2.67
2.78
3.0
3.14
3.18
3.79
3.28
2.62
3.44
2.79
3.02
3.34
2.61
2.71
3.13
3.01
2.86
3.54
2.75
2.94
2.89
3.58
2.7
2.78
3.02
2.83
2.71
2.93
3.05
2.87
2.91
3.33
3.07
2.74
2.9
3.36
3.04
3.09
2.7
2.74
3.05
2.89
2.92
3.31
3.86
2.6
2.87
2.69
2.89
3.04
3.47
2.94
2.86
2.83
3.3
3.68
2.61
2.84
3.42
2.61
2.99
3.1
3.05
3.0
2.85
2.87
3.1
3.22
3.07
3.31
2.97
2.72
2.69
2.79
3.05
2.88
3.11
3.06
2.89
3.04
3.08
3.43
3.15
2.61
2.87
3.13
2.75
2.92
2.91
2.8
2.92
3.14
3.07
3.22
2.62
2.77
2.88
2.91
3.31
2.89
2.88
3.12
2.9
3.04
3.17
2.97
2.91
3.15
2.74
3.02
2.95
3.23
2.84
2.83
3.22
3.05
2.8
3.02
3.26
3.03
2.77
3.19
3.04
3.02
2.73
3.24
2.8
2.98
2.85
3.17
3.19
2.95
3.03
2.93
3.06
2.99
2.93
3.36
3.04
2.61
2.61
2.7
3.22
3.09
3.17
3.16
2.81
3.04
3.41
2.61
2.82
2.94
3.01
2.85
2.8
3.04
2.94
3.17
3.42
3.41
2.93
3.54
2.61
3.09
2.66
2.97
3.02
2.81
2.75
3.12
2.91
2.97
2.72
2.92
3.04
3.09
2.82
2.99
3.29
2.85
2.89
2.93
2.61
3.13
2.89
